physics
00010100000000000000000000000000
01010101010101010101010100000000
01010101010101010101010100000000
01010101010101010101010100000000
04040404010101010100000000000000
04040404010101010100000000000000
04040404010101010000000000000000
04040404010101010000000000000000
00000000000000000000000000000000
00000000000000000000000000000000
00000000000000000000000000000000
00000000000000000000000000000000
00000000000000000000000000000000
00000000000000000000000000000000
00000000000000000000000000000000
00000000000000000000000000000000

neighbors
00000000000000000000000000000000
0b1f16fefb000b1f16fefb0000000000
6bffd6df7f006bffd6df7f0000000000
68f8d0db7ef868f8d0db7e0000000000
0a1a12020b1f1f1f1600000000000000
4a5a524268f8f8f8d000000000000000
485850400b160b160000000000000000
0818100068d068d00000000000000000
00000000000000000000000000000000
00000000000000000000000000000000
00000000000000000000000000000000
00000000000000000000000000000000
00000000000000000000000000000000
00000000000000000000000000000000
00000000000000000000000000000000
00000000000000000000000000000000

family
00000100000000000000000000000000
01010101010103030303030300000000
01010101010103030303030300000000
01010101010103030303030300000000
02020202040404040400000000000000
02020202040404040400000000000000
02020202040404040000000000000000
02020202040404040000000000000000
00000000000000000000000000000000
00000000000000000000000000000000
00000000000000000000000000000000
00000000000000000000000000000000
00000000000000000000000000000000
00000000000000000000000000000000
00000000000000000000000000000000
00000000000000000000000000000000

weight
0000ff00000000000000000000000000
00000000000000000000000000000000
00000000000000000000000000000000
0000000000ff00000000000000000000
00000000000000000000000000000000
00000000000000000000000000000000
00000000000000000000000000000000
00000000000000000000000000000000
00000000000000000000000000000000
00000000000000000000000000000000
00000000000000000000000000000000
00000000000000000000000000000000
00000000000000000000000000000000
00000000000000000000000000000000
00000000000000000000000000000000
00000000000000000000000000000000

