physics
00000000000001010104000000000000
01010101010101010000000000000000
01010101010101010000000000000000
01010101010401010000000000000000
04040404000000000000000000000000
04040404000000000000000000000000
04040404000000000000000000000000
04040404000000000000000000000000
00000000000000000000000000000000
00000000000000000000000000000000
00000000000000000000000000000000
00000000000000000000000000000000
00000000000000000000000000000000
00000000000000000000000000000000
00000000000000000000000000000000
00000000000000000000000000000000

neighbors
00000000000000000000000000000000
0b1f16fefb0000000000000000000000
6bffd6df7f0000000000000000000000
68f8d0db7e0000000000000000000000
0a1a1202000000000000000000000000
4a5a5242000000000000000000000000
48585040000000000000000000000000
08181000000000000000000000000000
00000000000000000000000000000000
00000000000000000000000000000000
00000000000000000000000000000000
00000000000000000000000000000000
00000000000000000000000000000000
00000000000000000000000000000000
00000000000000000000000000000000
00000000000000000000000000000000

family
01010101010104040000000000000000
02020202020204040000000000000000
02020202020204040000000000000000
02020202020204040000000000000000
03030303000000000000000000000000
03030303000000000000000000000000
03030303000000000000000000000000
03030303000000000000000000000000
00000000000000000000000000000000
00000000000000000000000000000000
00000000000000000000000000000000
00000000000000000000000000000000
00000000000000000000000000000000
00000000000000000000000000000000
00000000000000000000000000000000
00000000000000000000000000000000

weight
00000000000000000000000000000000
00000000000000000000000000000000
0000000000ff00000000000000000000
0000000000ff00000000000000000000
00000000000000000000000000000000
00000000000000000000000000000000
00000000000000000000000000000000
00000000000000000000000000000000
00000000000000000000000000000000
00000000000000000000000000000000
00000000000000000000000000000000
00000000000000000000000000000000
00000000000000000000000000000000
00000000000000000000000000000000
00000000000000000000000000000000
00000000000000000000000000000000

