physics
00010400000000000000000000000000
04040404040404040101010101040400
04040404040404040101010101040400
04040404040404040101010401040000
04040404040401010101010101010100
04040404040401010101010101010100
04040404040401010101010101010000
00000000000000000000000000000000
00000000000000000000000000000000
00000000000000000000000000000000
00000000000000000000000000000000
00000000000000000000000000000000
00000000000000000000000000000000
00000000000000000000000000000000
00000000000000000000000000000000
00000000000000000000000000000000

neighbors
00000000000000000000000000000000
000000000b0b1f160b1f16fefb000000
000000006b6bffd66bffd6df7f000000
000000006868f8d068f8d00000000000
000000000000004080c0105090d00000
000000000000004080c0105090d00000
000000000000004080c0105090d00000
00000000000000000000000000000000
00000000000000000000000000000000
00000000000000000000000000000000
00000000000000000000000000000000
00000000000000000000000000000000
00000000000000000000000000000000
00000000000000000000000000000000
00000000000000000000000000000000
00000000000000000000000000000000

family
01000000000000000000000000000000
02020202030303030404040404000000
02020202030303030404040404000000
02020202030303030404040404000000
00000000000005050505050505050500
00000000000005050505050505050500
00000000000005050505050505050000
00000000000000000000000000000000
00000000000000000000000000000000
00000000000000000000000000000000
00000000000000000000000000000000
00000000000000000000000000000000
00000000000000000000000000000000
00000000000000000000000000000000
00000000000000000000000000000000
00000000000000000000000000000000

weight
00000000000000000000000000000000
000000ffff0000000000000000000000
000000ffff0000000000000000000000
000000ffff000000000000ffff000000
0000000000000000000000000000ff00
000000000000ffffffffffffffffff00
000000000000ffffffffffffffff0000
00000000000000000000000000000000
00000000000000000000000000000000
00000000000000000000000000000000
00000000000000000000000000000000
00000000000000000000000000000000
00000000000000000000000000000000
00000000000000000000000000000000
00000000000000000000000000000000
00000000000000000000000000000000

