physics
00000000010401000000000000000000
01010101010100000000000000000000
01010101010100000000000000000000
01010101010400000000000000000000
02020202020000000000000000000000
02020202020000000000000000000000
02020202020000000000000000000000
00000000000000000000000000000000
00000000000000000000000000000000
00000000000000000000000000000000
00000000000000000000000000000000
00000000000000000000000000000000
00000000000000000000000000000000
00000000000000000000000000000000
00000000000000000000000000000000
00000000000000000000000000000000

neighbors
00000000000000000000000000000000
0b1f16fefb0000000000000000000000
6bffd6df7f0000000000000000000000
68f8d0db7e0000000000000000000000
0b1f16fefb0000000000000000000000
6bffd6df7f0000000000000000000000
68f8d000000000000000000000000000
00000000000000000000000000000000
00000000000000000000000000000000
00000000000000000000000000000000
00000000000000000000000000000000
00000000000000000000000000000000
00000000000000000000000000000000
00000000000000000000000000000000
00000000000000000000000000000000
00000000000000000000000000000000

family
01010101000000000000000000000000
02020202020200000000000000000000
02020202020200000000000000000000
02020202020200000000000000000000
03030303030000000000000000000000
03030303030000000000000000000000
03030303030000000000000000000000
00000000000000000000000000000000
00000000000000000000000000000000
00000000000000000000000000000000
00000000000000000000000000000000
00000000000000000000000000000000
00000000000000000000000000000000
00000000000000000000000000000000
00000000000000000000000000000000
00000000000000000000000000000000

weight
00000000000000000000000000000000
00000000000000000000000000000000
0000000000ff00000000000000000000
0000000000ff00000000000000000000
00000000000000000000000000000000
00000000000000000000000000000000
00000000000000000000000000000000
00000000000000000000000000000000
00000000000000000000000000000000
00000000000000000000000000000000
00000000000000000000000000000000
00000000000000000000000000000000
00000000000000000000000000000000
00000000000000000000000000000000
00000000000000000000000000000000
00000000000000000000000000000000

